.Random.seed <-
c(403L, 10L, -829024409L, 1884185742L, 1422778728L, -711499413L, 
263869193L, 1634600344L, 1614804166L, 1530744353L, -467603789L, 
407049250L, -1168650732L, 1770701463L, -1293116275L, 1641058724L, 
1303526282L, 803100661L, 365844047L, -521440938L, 1237179392L, 
1462424899L, 1180047585L, 466268752L, 1869205166L, 196614745L, 
636985963L, -1400715302L, 541386908L, -443143521L, 1643415797L, 
731484556L, 1726454882L, -1122505667L, -54747465L, -1307001506L, 
-143743848L, 1068896251L, 1277171097L, -814258648L, 420110038L, 
-1196606639L, 1118608899L, -218480238L, 2035818276L, 610161127L, 
1306525245L, 457255092L, -149602534L, -1448168347L, 332053759L, 
1159966086L, -177593584L, 144177075L, -818750383L, 180518912L, 
-535023394L, -1719530711L, 115046107L, 1194993130L, -1323455092L, 
636027599L, -974160251L, -1609884356L, -898015214L, -1641623795L, 
-1313641401L, -988815826L, -885414008L, 782840459L, 1763886185L, 
-854595528L, 1062084838L, 753690753L, -1834135533L, -1544005694L, 
1867591796L, -666171785L, 2034849645L, -2097690620L, 168895274L, 
2031540373L, -1607596241L, 1845374518L, -124028320L, 1803241635L, 
-1707906111L, -664000592L, -1974693170L, 1302966329L, 1819108939L, 
-1603245062L, -1608116484L, -1705297089L, 362460181L, 448180012L, 
-850607102L, -2140526883L, 1650251223L, 1626628286L, -162409736L, 
-1236879141L, -1652290759L, 1888747144L, 888760886L, -1525112207L, 
-1673422685L, 1743073778L, -1232559804L, 1262189063L, -1353578531L, 
2097094868L, -975093766L, -2061191355L, 1632613279L, -1652729562L, 
-250140240L, 399827539L, 286084465L, 656497824L, -1806304194L, 
-193252535L, -577666565L, -2069092918L, -614765780L, -519470289L, 
1661942245L, 1234396316L, -1692184334L, -265311891L, 873694887L, 
-726931250L, 1558341160L, -203624917L, 1447666761L, -876636840L, 
1834667014L, -1817809439L, 779229043L, 1869542370L, -859268268L, 
1324709463L, -230453683L, 455074276L, -1692714038L, -2052030923L, 
211567759L, -1959793258L, 1638601024L, 788327427L, 509578785L, 
-302548720L, -1277036818L, -1700607335L, 1004233515L, -1847210470L, 
-1209850660L, 27211999L, -1561340235L, 2126581836L, 832294050L, 
-2049033219L, -969651977L, 1645350430L, -462602024L, 1666688059L, 
-152891943L, 1192803176L, 1952872086L, -217042927L, -296758845L, 
1960713682L, -708389788L, -674298969L, -1769100035L, -1424193292L, 
2037735386L, 1703670565L, -1306893761L, -1235514938L, -1753211312L, 
-564637069L, 1018848913L, 1119739584L, -651335522L, 862864489L, 
-1589153637L, -1542491734L, -718059060L, -113269617L, 1336720581L, 
-335664004L, 33398994L, -971538355L, -122791673L, 862162158L, 
-2143361592L, 1904954059L, -2095500503L, -46525576L, 976439462L, 
-427404607L, -40426669L, 280670210L, 1215159604L, 41064119L, 
-1775228243L, 1244769220L, -1957301270L, -1755792299L, -410295825L, 
-516167178L, 302608160L, 20914403L, 1890915713L, 1690645488L, 
186546830L, 1899023865L, -1582452853L, 725806010L, 336581308L, 
147786239L, 1040668501L, 2106863724L, 1053713602L, 1103384349L, 
693716375L, -1438419714L, -315941192L, -1582314478L, -173508128L, 
1667857356L, 164755680L, 1857990690L, -336024280L, 1970884108L, 
-1713624260L, -335715342L, -2137207056L, -1448619452L, -1249587624L, 
-1460833478L, -458726928L, 872709820L, -881210092L, 1634129602L, 
1138808928L, 2131478396L, -459854896L, 1881148706L, -1280354648L, 
1519397772L, -598631236L, 899958578L, 245848640L, 1006346420L, 
174082632L, 726732218L, -2129731056L, 301651692L, 1305785684L, 
-1067289326L, 386865568L, -1167788340L, -1351053728L, 425360322L, 
243280680L, 466123692L, 394051388L, 1793219954L, 1635962672L, 
1960047908L, -524647624L, 1419443930L, -58856560L, -1695212804L, 
888603540L, 1252270146L, -2073231104L, -1367040964L, -326167216L, 
-2092322654L, -476338872L, -1952920820L, 378792668L, 173330770L, 
-1675196288L, -61985708L, -1750121496L, -1483301638L, 1469742928L, 
-1175636180L, 710442356L, -1711636590L, 274521184L, -1960229492L, 
-1130187936L, 90199522L, 809157544L, 1053411532L, -47328260L, 
-661306958L, 597470704L, 1227014084L, 2043038040L, 1752497530L, 
31729584L, 557743548L, -78891948L, -879634494L, -472528864L, 
-773504836L, -274876848L, -976603166L, 1629165672L, -2059601844L, 
-397482756L, 849668082L, 500473088L, -1014004364L, 1031962632L, 
594764730L, -212171312L, -1874165780L, 146736532L, 14189010L, 
-1984145056L, -2047501492L, 323952928L, -659732606L, -299254040L, 
96299244L, 375736380L, -865800334L, -234221968L, -778327004L, 
-1652793544L, -1939477350L, -1812557104L, -886124356L, 1187196564L, 
2129112706L, 1145249984L, -1941461188L, -241758064L, 1387703842L, 
-1787122680L, -130167540L, 643001500L, -1726156270L, 1437938560L, 
-646572524L, 1929391656L, 1598971194L, -1480077872L, -2138888084L, 
1461290292L, 378481298L, 1439354720L, 475197260L, 661145568L, 
867384226L, 286055336L, 1794685324L, 406125756L, 1959846258L, 
-426227472L, -1054934972L, -851909288L, -1539552710L, -942272656L, 
-1862865860L, 1708892948L, 598721986L, 2033921760L, 1257941884L, 
-422087984L, 1859161250L, 483876904L, -788940532L, 633473980L, 
985406770L, 395133376L, -173532620L, -1077104696L, -299672390L, 
-887754352L, 471220716L, 1795397204L, -1549118318L, -1201118432L, 
-766713396L, -1787882016L, -1939765566L, -1734031320L, 606680748L, 
2146164924L, -1099735566L, -232952528L, -621853532L, 1604655800L, 
-823355046L, 1496074640L, 314591100L, -160929516L, -394813630L, 
304312064L, -1427266628L, 1176695632L, 965009186L, -940661432L, 
-217993716L, -1192978340L, -5975854L, 380882432L, -1503817388L, 
158088680L, 662436858L, 1488444624L, 1728338220L, 2126653172L, 
-1774518894L, -1751949216L, -656575220L, -1512367392L, -678150814L, 
147579560L, 1455761996L, 1488188796L, -1595336398L, -924930960L, 
1561676612L, -52559400L, -1441262470L, -444914128L, -972799300L, 
1334989652L, -2132217790L, 318581152L, 1637480124L, -469467696L, 
908205410L, -964352024L, 1162866636L, -653090052L, -1927252494L, 
-832353152L, 1326160116L, -1246061944L, 145410874L, -755341488L, 
215997036L, -446793580L, 802488658L, 1373492960L, -1899411764L, 
731235369L, -565292901L, -91964052L, 479339898L, -1601878353L, 
-552817223L, -1483919410L, -1728880868L, 586174093L, -1145295113L, 
336962048L, -798266274L, 1606471467L, -2037883859L, -1713501030L, 
-924876712L, -1828018239L, 478357619L, -2142748268L, -1767534558L, 
-1422559433L, -866289151L, -297549050L, -400158908L, -2037259659L, 
205312991L, -1529194696L, 90214678L, -664220381L, -1113710875L, 
-1860540670L, 98389360L, 819154201L, 156681483L, 1505306108L, 
-107266518L, -1799149985L, 27915753L, -514267394L, 2143721196L, 
-924195267L, 1427494407L, -1884898832L, -536843890L, -203587653L, 
-1597118051L, 1759831882L, 762174312L, -458482351L, -1541640637L, 
456348484L, -487378958L, 961949127L, -687393903L, 2037820182L, 
1739022196L, -649421307L, -1563720113L, 1495450184L, -1000598554L, 
443284755L, 1916056181L, 2054135890L, 102634144L, 1998299017L, 
1072233403L, 1392835596L, -383555174L, -1333925617L, 445716313L, 
-576996882L, -1515625348L, 377848045L, 1313490839L, -1722949536L, 
119128638L, -1895791861L, 1861941645L, -754400582L, -1407842056L, 
1469724321L, -480358829L, 1156346228L, -565729534L, 1393659799L, 
1291977057L, 1934870950L, -1863758940L, -97864107L, 1580906239L, 
1936923544L, 1352113334L, -211781309L, -273993595L, 1616529698L, 
1698478608L, -76668487L, -2139270549L, 885869916L, 428178570L, 
1239241855L, -1574150711L, -858433954L, 77485324L, 1169002717L, 
-534356505L, 1774683664L, -1963599058L, 226803675L, -460439363L, 
855337514L, 1376999112L, -561638415L, 1480398179L, 2049060196L, 
-244363118L, -1447869081L, -662102223L, 1582044278L, 242216340L, 
1276967333L, 1516229295L, 231347048L, 798125894L, -912779533L, 
-1532856235L, 27558962L, 1236558336L, -1028369687L, 1770408283L, 
-150395988L, 1627488186L, -658294417L, 1825100537L, -2143970418L, 
146646620L, -6064947L, -730129353L, 2013902528L, -623103586L, 
1759939179L, -1642081811L, 1282170970L, 2050109208L, -1937066879L, 
237916723L, -475221932L, -799689630L, -430302473L, 460260673L, 
